16044903
16387255
27274053
661880
-132513099
-392655075
147211417
875097703
263291615
-94260954
-430496397
-806787040
-691140489
-253249285
150931644
377363346
704423752
712640203
847983414
721472888
92480723
-126464878
100560233
-436521795
-1115748430
-995491537
-540916372
-67237959
261853736
587156734
688127790
970682419
1566694662
2052446694
2147483647
2065684310
1642605542
1073593470
1026805345
1122298767
857614920
463841495
-151547878
-743908365
-873682647
-1286285440
-1285418148
-908830800
-943020366
-1285737677
-1454311868
-1463601022
-1318580658
-1037646496
-1012517850
-962123615
-905475749
-523661825
-363600790
-329160165
-332720627
-419221600
-521721829
-183158392
-69634424
-295655303
111059032
58793273
-161818442
-433440625
-493078367
-99852705
-135046505
-649852822
-842026487
-571111831
-338335202
-502755521
-639171435
-458158450
-215590550
-328658049
-296568242
-143011898
37635911
218009839
269202895
26178526
-411895264
-596765417
-529002518
-318958072
-212418087
-331830512
-98186592
160768562
114733612
-32044159
-157687393
56739160
184231095
11731266
-12735499
42794016
40123670
36859913
46993536
68059604
117335488
51329996
-26657819
-35034035
-12187735
12963734
51969054
111652442
110374328
58450921
16615490
-46354479
-50143175
-37179441
-11457384
37864146
43296133
33390744
8239274
-14310319
