0 
0 
0 
0 
0 
0 
0 
0 
0 
0 
0 
0 
0 
0 
0 
0 
0 
0 
0 
0 
0 
0 
0 
0 
0 
0 
0 
0 
0 
0 
0 
0 
0 
0 
0 
0 
0 
0 
0 
0 
0 
0 
0 
0 
0 
0 
0 
0 
0 
0 
0 
0 
0 
0 
0 
0 
0 
0 
0 
0 
0 
0 
0 
0 
0 
0 
0 
0 
0 
0 
0 
0 
0 
0 
0 
0 
0 
0 
0 
0 
0 
0 
0 
0 
0 
0 
0 
0 
0 
0 
0 
0 
0 
0 
0 
0 
0 
0 
0 
0 
0 
0 
0 
0 
0 
0 
0 
0 
0 
0 
0 
0 
0 
0 
0 
0 
0 
0 
0 
0 
0 
0 
0 
0 
0 
0 
0 
0 
2 
3 
0 
0 
0 
0 
0 
0 
0 
0 
0 
0 
0 
0 
0 
0 
0 
0 
0 
0 
0 
0 
0 
0 
0 
0 
0 
0 
0 
0 
0 
0 
0 
0 
0 
0 
0 
0 
0 
0 
0 
0 
0 
0 
0 
0 
0 
0 
0 
0 
0 
0 
0 
0 
0 
0 
0 
0 
0 
0 
0 
0 
0 
0 
0 
0 
0 
0 
0 
0 
0 
0 
0 
0 
0 
0 
0 
0 
0 
0 
0 
0 
0 
0 
0 
0 
0 
0 
0 
0 
0 
0 
0 
0 
0 
0 
0 
0 
0 
0 
0 
0 
0 
0 
0 
0 
0 
0 
0 
0 
0 
0 
0 
0 
0 
0 
0 
0 
0 
0 
0 
0 
0 
0 
0 
0 
0 
0 
0 
184 
775 
-864 
-1809 
565 
-640 
669 
-533 
-1161 
1926 
368 
-1297 
1398 
980 
-679 
913 
1942 
1858 
-585 
112 
-1034 
-1039 
-804 
783 
-1151 
-1487 
810 
-409 
-1056 
1000 
243 
-1355 
2009 
622 
-752 
154 
1095 
1277 
-278 
509 
357 
169 
-1561 
1252 
-1731 
1566 
378 
-550 
-816 
-961 
-1836 
-396 
-1067 
-618 
-192 
577 
-143 
1949 
-1132 
1385 
-141 
353 
1911 
-1809 
1564 
279 
591 
-8 
-1373 
1206 
1367 
-1637 
154 
-1894 
-1903 
153 
-1389 
1714 
295 
-1830 
1735 
287 
-1132 
272 
-1127 
151 
973 
-1034 
-1174 
464 
1754 
-758 
959 
-1496 
-659 
1507 
825 
-186 
-413 
-1193 
1809 
-453 
-1058 
-168 
-909 
-107 
-1322 
-638 
-1326 
845 
283 
-1506 
-1284 
1640 
1229 
-1625 
-1057 
1388 
-618 
1832 
-1825 
-956 
1774 
1431 
1135 
1767 
360 
1107 
0 
0 
0 
0 
0 
0 
0 
0 
0 
0 
0 
0 
0 
0 
0 
0 
0 
0 
0 
0 
0 
0 
0 
0 
0 
0 
0 
0 
0 
0 
0 
0 
0 
0 
0 
0 
0 
0 
0 
0 
0 
0 
0 
0 
0 
0 
0 
0 
0 
0 
0 
0 
0 
0 
0 
0 
0 
0 
0 
0 
0 
0 
0 
0 
0 
0 
0 
0 
0 
0 
0 
0 
0 
0 
0 
0 
0 
0 
0 
0 
0 
0 
0 
0 
0 
0 
0 
0 
0 
0 
0 
0 
0 
0 
0 
0 
0 
0 
0 
0 
0 
0 
0 
0 
0 
0 
0 
0 
0 
0 
0 
0 
0 
0 
0 
0 
0 
0 
0 
0 
0 
0 
0 
0 
0 
0 
0 
0 
