0 0 
0 1 
0 1 
0 0 
0 0 
0 0 
0 1 
0 1 
0 1 
0 0 
0 1 
0 0 
0 0 
0 1 
0 0 
0 0 
0 1 
0 0 
0 0 
0 1 
0 0 
0 0 
0 1 
0 0 
0 0 
0 0 
0 1 
0 0 
0 0 
0 0 
0 0 
0 1 
0 1 
0 0 
0 1 
0 1 
0 1 
0 1 
0 1 
0 0 
0 1 
0 0 
0 0 
0 0 
0 0 
0 0 
0 1 
0 0 
0 1 
0 1 
0 0 
0 1 
0 1 
0 0 
0 1 
0 1 
0 1 
0 0 
0 0 
0 0 
0 0 
0 0 
0 1 
0 0 
0 0 
0 0 
0 0 
0 0 
0 1 
0 0 
0 1 
0 1 
0 1 
0 0 
0 0 
0 0 
0 1 
0 1 
0 0 
0 1 
0 0 
0 1 
0 1 
0 0 
0 1 
0 1 
0 1 
0 1 
0 1 
0 0 
0 0 
0 1 
0 1 
0 1 
0 1 
0 0 
0 1 
0 1 
0 0 
0 0 
0 0 
0 1 
0 0 
0 1 
0 1 
0 0 
0 1 
0 1 
0 1 
0 0 
0 1 
0 1 
0 1 
0 0 
0 0 
0 1 
0 0 
0 1 
0 1 
0 1 
0 1 
0 0 
0 1 
0 1 
0 1 
0 0 
0 0 
0 1 
0 0 
0 0 
0 0 
0 0 
0 0 
0 0 
0 1 
0 1 
0 1 
0 1 
0 0 
0 1 
0 1 
0 0 
0 0 
0 1 
0 0 
0 0 
0 0 
0 1 
0 1 
0 0 
0 0 
0 1 
0 0 
0 1 
0 1 
0 1 
0 0 
0 1 
0 0 
0 0 
0 1 
0 1 
0 0 
0 1 
0 0 
0 0 
0 1 
0 1 
0 1 
0 1 
0 1 
0 1 
0 1 
0 0 
0 1 
0 1 
0 1 
0 1 
0 0 
0 1 
0 0 
0 1 
0 0 
0 1 
0 1 
0 0 
0 1 
0 0 
0 0 
0 1 
0 0 
0 0 
0 1 
0 0 
0 1 
0 1 
0 0 
0 1 
0 0 
0 1 
0 1 
0 1 
0 1 
0 0 
0 0 
0 1 
0 0 
0 0 
0 0 
0 0 
0 0 
0 1 
0 1 
0 0 
0 0 
0 1 
0 1 
0 0 
0 0 
0 0 
0 1 
0 0 
0 1 
0 0 
0 0 
0 1 
0 0 
0 1 
0 0 
0 0 
0 1 
0 0 
0 0 
0 0 
0 1 
0 1 
0 0 
0 1 
0 1 
0 0 
0 1 
0 1 
0 1 
0 0 
0 1 
0 0 
0 1 
0 0 
0 1 
0 1 
0 0 
0 0 
0 0 
0 0 
0 0 
0 1 
0 1 
0 0 
0 1 
0 1 
0 1 
0 1 
0 0 
0 0 
0 1 
0 0 
0 1 
0 1 
0 0 
0 0 
0 0 
0 1 
0 1 
0 1 
0 0 
0 0 
0 1 
0 1 
0 0 
0 0 
0 1 
0 0 
0 1 
0 0 
0 1 
0 1 
0 1 
0 0 
0 1 
0 0 
0 1 
0 1 
0 0 
0 1 
0 1 
0 0 
0 0 
0 1 
0 1 
0 0 
0 1 
0 1 
0 1 
0 0 
0 0 
0 0 
0 0 
0 0 
0 1 
0 1 
0 1 
0 1 
0 0 
0 0 
0 1 
0 1 
0 0 
0 1 
0 0 
0 1 
0 1 
0 0 
0 1 
0 1 
0 0 
0 0 
0 0 
0 1 
0 0 
0 1 
0 1 
0 0 
0 0 
0 1 
0 1 
0 0 
0 1 
0 0 
0 1 
0 0 
0 1 
0 1 
0 1 
0 1 
0 1 
0 1 
0 1 
0 1 
0 1 
0 1 
0 0 
0 0 
0 0 
0 1 
0 1 
0 1 
0 0 
0 0 
0 0 
0 0 
0 0 
0 1 
0 1 
0 1 
0 1 
0 1 
0 1 
0 1 
0 1 
0 1 
2 0 
3 0 
2 1 
3 0 
0 0 
0 1 
0 1 
0 0 
0 1 
0 1 
0 0 
0 0 
0 1 
0 1 
0 1 
0 0 
0 0 
0 1 
0 1 
0 0 
0 1 
0 1 
0 0 
0 0 
0 1 
0 1 
0 1 
0 1 
0 1 
0 1 
0 0 
0 0 
0 1 
0 1 
0 0 
0 1 
0 0 
0 0 
0 1 
0 1 
0 1 
0 0 
0 1 
0 0 
0 1 
0 0 
0 1 
0 0 
0 0 
0 1 
0 1 
0 0 
0 1 
0 1 
0 0 
0 0 
0 0 
0 1 
0 0 
0 1 
0 0 
0 0 
0 1 
0 1 
0 0 
0 0 
0 1 
0 1 
0 1 
0 0 
0 1 
0 1 
0 0 
0 0 
0 1 
0 1 
-1431 0 
-925 0 
-523 1 
-911 1 
-599 0 
657 0 
911 0 
-856 0 
-1635 1 
699 1 
848 0 
-382 0 
982 0 
1580 1 
-227 1 
1829 1 
-1212 0 
216 0 
-1440 1 
1470 1 
-1241 0 
1728 1 
-442 1 
-1344 1 
-471 0 
967 0 
-445 0 
396 0 
1350 0 
-1508 1 
1144 0 
-77 0 
-1342 1 
-1622 0 
508 0 
-1620 1 
-1949 1 
1004 1 
1878 1 
-820 0 
907 0 
-1345 1 
455 0 
-2027 0 
-263 0 
-1854 0 
777 0 
972 0 
-813 0 
-762 0 
-1251 0 
1821 0 
-973 1 
-306 0 
537 1 
1663 1 
569 1 
1745 1 
1243 0 
1196 1 
-504 0 
1363 0 
-1915 1 
-1199 1 
-521 0 
1032 1 
-1759 1 
631 1 
-495 0 
-727 0 
-1166 1 
-350 0 
1138 0 
679 0 
0 0 
0 1 
0 1 
0 0 
0 0 
0 0 
0 1 
0 1 
0 1 
0 0 
0 1 
0 0 
0 1 
0 0 
0 0 
0 0 
0 1 
0 1 
0 1 
0 0 
0 0 
0 0 
0 0 
0 1 
0 1 
0 0 
0 1 
0 0 
0 1 
0 0 
0 1 
0 0 
0 1 
0 1 
0 1 
0 0 
0 0 
0 0 
0 1 
0 1 
0 1 
0 0 
0 0 
0 0 
0 0 
0 1 
0 1 
0 0 
0 1 
0 0 
0 0 
0 1 
0 0 
0 1 
0 0 
0 1 
0 0 
0 1 
0 0 
0 0 
0 1 
0 0 
0 1 
0 0 
0 0 
0 0 
0 1 
0 0 
0 0 
0 0 
0 0 
0 1 
0 1 
0 1 
0 0 
0 0 
0 0 
0 1 
0 0 
0 1 
0 1 
0 1 
0 1 
0 0 
0 0 
0 1 
0 1 
0 0 
0 1 
0 0 
0 1 
0 0 
0 1 
0 0 
0 0 
0 1 
0 1 
0 0 
0 0 
0 0 
0 0 
0 0 
0 1 
0 0 
0 1 
0 0 
0 0 
0 0 
0 0 
0 1 
0 1 
0 1 
0 0 
0 1 
0 0 
0 1 
0 0 
0 0 
0 1 
0 0 
0 1 
0 0 
0 1 
0 0 
0 0 
0 1 
0 1 
0 1 
0 1 
0 0 
0 1 
0 0 
0 1 
0 1 
0 1 
0 0 
0 1 
0 0 
0 0 
0 1 
0 1 
0 0 
0 1 
0 1 
0 1 
0 0 
0 1 
0 0 
0 0 
0 0 
0 1 
0 1 
0 1 
0 1 
0 0 
0 1 
0 1 
0 0 
0 1 
0 1 
0 0 
0 0 
0 1 
0 1 
0 0 
0 1 
0 1 
0 0 
0 0 
0 0 
0 0 
0 1 
0 1 
0 0 
0 1 
0 1 
0 0 
0 0 
0 1 
0 1 
0 0 
0 1 
0 1 
0 0 
0 0 
0 0 
0 0 
0 0 
0 0 
0 1 
0 1 
0 1 
0 1 
0 1 
0 0 
0 0 
0 1 
0 0 
0 0 
0 1 
0 1 
0 1 
0 1 
0 1 
0 0 
0 1 
0 0 
0 1 
0 0 
0 0 
0 0 
0 0 
0 0 
0 1 
0 1 
0 0 
0 0 
0 0 
0 0 
0 1 
0 1 
0 1 
0 0 
0 0 
0 1 
0 0 
0 0 
0 0 
0 1 
0 0 
0 1 
0 1 
0 1 
0 1 
0 1 
0 1 
0 1 
0 0 
0 1 
0 0 
0 0 
0 0 
0 1 
0 1 
0 1 
0 0 
0 1 
0 1 
0 1 
0 1 
0 0 
0 1 
0 0 
0 1 
0 0 
0 0 
0 0 
0 1 
0 1 
0 0 
0 0 
0 1 
0 1 
0 1 
0 0 
0 0 
0 1 
0 1 
0 1 
0 0 
0 0 
0 0 
0 1 
0 1 
0 1 
0 1 
0 1 
0 0 
0 0 
0 1 
0 1 
0 0 
0 1 
0 1 
0 0 
0 1 
0 0 
0 1 
0 0 
0 0 
0 1 
0 0 
0 1 
0 1 
0 1 
0 0 
0 1 
0 0 
0 0 
0 1 
0 1 
0 0 
0 1 
0 1 
0 1 
0 1 
0 0 
0 0 
0 0 
0 1 
0 0 
0 0 
0 1 
0 0 
0 1 
0 1 
0 0 
0 0 
0 0 
0 1 
0 0 
0 0 
0 1 
0 0 
0 0 
0 1 
0 1 
0 1 
0 0 
0 0 
0 1 
0 0 
0 0 
0 0 
0 0 
0 1 
0 0 
0 0 
0 1 
0 1 
0 1 
0 1 
0 0 
0 0 
0 0 
0 1 
0 1 
0 1 
0 1 
0 0 
0 0 
0 0 
0 0 
0 0 
0 1 
0 1 
0 1 
0 0 
0 0 
0 0 
0 0 
0 0 
0 0 
0 1 
0 0 
0 0 
0 0 
0 1 
0 0 
0 1 
