0 
0 
0 
0 
0 
0 
0 
0 
0 
0 
0 
0 
0 
0 
0 
0 
0 
0 
0 
0 
0 
0 
0 
0 
0 
0 
0 
0 
0 
0 
0 
0 
0 
0 
0 
0 
0 
0 
0 
0 
0 
0 
0 
0 
0 
0 
0 
0 
0 
0 
0 
0 
0 
0 
0 
0 
0 
0 
0 
0 
0 
0 
0 
0 
0 
0 
0 
0 
0 
0 
0 
0 
0 
0 
0 
0 
0 
0 
0 
0 
0 
0 
0 
0 
0 
0 
0 
0 
0 
0 
0 
0 
0 
0 
0 
0 
0 
0 
0 
0 
0 
0 
0 
0 
0 
0 
0 
0 
0 
0 
0 
0 
0 
0 
0 
0 
0 
0 
0 
0 
0 
0 
0 
0 
0 
0 
0 
0 
2 
3 
0 
0 
0 
0 
0 
0 
0 
0 
0 
0 
0 
0 
0 
0 
0 
0 
0 
0 
0 
0 
0 
0 
0 
0 
0 
0 
0 
0 
0 
0 
0 
0 
0 
0 
0 
0 
0 
0 
0 
0 
0 
0 
0 
0 
0 
0 
0 
0 
0 
0 
0 
0 
0 
0 
0 
0 
0 
0 
0 
0 
0 
0 
0 
0 
0 
0 
0 
0 
0 
0 
0 
0 
0 
0 
0 
0 
0 
0 
0 
0 
0 
0 
0 
0 
0 
0 
0 
0 
0 
0 
0 
0 
0 
0 
0 
0 
0 
0 
0 
0 
0 
0 
0 
0 
0 
0 
0 
0 
0 
0 
0 
0 
0 
0 
0 
0 
0 
0 
0 
0 
0 
0 
0 
0 
0 
0 
0 
-34 
1697 
451 
753 
653 
-1428 
1335 
-2023 
-205 
-1987 
1081 
-566 
1503 
435 
-38 
-574 
1416 
-108 
222 
1968 
-1741 
1840 
1068 
1379 
-526 
-1612 
-709 
73 
-1824 
79 
561 
-1053 
414 
-551 
1645 
1365 
227 
-1954 
1366 
584 
1439 
-1466 
1221 
-1461 
-1395 
-2021 
1074 
184 
-935 
1683 
247 
-180 
-1927 
1692 
-1200 
729 
192 
-1502 
-258 
-806 
308 
-853 
1834 
-39 
-241 
-1819 
-608 
1674 
810 
-1749 
-1967 
-1591 
1542 
-1895 
-1900 
1595 
411 
1771 
314 
1849 
327 
-445 
464 
-309 
-714 
1367 
1472 
378 
1033 
1903 
-394 
-1100 
1865 
1991 
-1233 
-1217 
-1022 
-238 
-1983 
476 
-654 
1525 
1228 
416 
1843 
-141 
-139 
-1686 
-620 
-234 
-1709 
-1971 
1317 
188 
-1833 
-1443 
1098 
-726 
834 
-373 
-979 
286 
266 
-1460 
-1305 
81 
-1453 
84 
0 
0 
0 
0 
0 
0 
0 
0 
0 
0 
0 
0 
0 
0 
0 
0 
0 
0 
0 
0 
0 
0 
0 
0 
0 
0 
0 
0 
0 
0 
0 
0 
0 
0 
0 
0 
0 
0 
0 
0 
0 
0 
0 
0 
0 
0 
0 
0 
0 
0 
0 
0 
0 
0 
0 
0 
0 
0 
0 
0 
0 
0 
0 
0 
0 
0 
0 
0 
0 
0 
0 
0 
0 
0 
0 
0 
0 
0 
0 
0 
0 
0 
0 
0 
0 
0 
0 
0 
0 
0 
0 
0 
0 
0 
0 
0 
0 
0 
0 
0 
0 
0 
0 
0 
0 
0 
0 
0 
0 
0 
0 
0 
0 
0 
0 
0 
0 
0 
0 
0 
0 
0 
0 
0 
0 
0 
0 
0 
